5858367
5858364
5858192
5858191
5858190
5858189
5858188
5858187
5858186
5858185
5858184
5858183
5858182
5858181
5858180
5858179
5858178
5858177
5858176
5858175
5858174
5858173
5858172
5858171
5858170
5858169
5858168
5858167
5858166
5858165
5858164
5858163
5858162
5858161
5858160
5858159
5858158
5858157
5858156
5858155
5858154
5858153
5858152
5858151
5858150
5858149
5858148
5858147
5858146
5858145
5858144
5858143
5858142
5858141
5858140
5858139
5858138
5858137
5858136
5858135
5858134
5858133
5858132
5858131
5858130
5858129
5858121
5858120
5858093
5858088
5858086
5858085
5858082
5858079
5858077
5858076
5858075
5858074
5858072
5858071
5858070
5858069
5858068