5576248
5860837
5860838
5860839
5860840
5860841
5860842
5860843
5860844
5860845
5860846
5860847
5860848
5860849
5860850
5860851
5860852
5860853
5860854
5860855
5860856
5860857
5860858
5860859
5860860
5860861
5860862
5860863
5860864
5860865
5860866
5860867
5860868
5860869
5860870
5860871
5860872
5860873
5860874
5860875
5860876
5860877
5860878
5860879
5860880
5860881
5860882
5860883
5860884
5860885
5860886
5860887
5860888
5860889
5860890
5860891
5860892
5860893
5860894
5860895
5860896
5860897
5860898
5860899
5860900
5860901
5860902
5860903
5860904
5860905
5860906
5860907
5860908
5860910
5860911
5860912
5860913
5860914
5860915
5860916
5860917
5860918
5860919
5860920
5860921
5860922
5860923
5860924
5860925
5860926
5860927
5860928
5860929
5860930
5860931
5860932
5860933
5860934
5860935
5860936
5860937
5860938
5860939
5860940
5860941
5860942
5860943
5860944
5860945
5860946
5860947
5860948
5860949
5860950
5860951
5860952
5860953
5860954
5860955
5860967
5860968
5860970
5860971
5860972
5860973
5860984
5860985
5860986
5860987
5860988
5860989
5860990
5860991
5860992
5860993
5860994
5860995
5860996
5860997
5860998
5860999
5861000
5861001
5861002
5861003
5861004
5861005
5861006
5861007
5861008
5861009
5861010
5861011
5861012
5861013
5861014
5861015
5861016
5861017
5861018
5861019
5861020
5861022
5861023
5861024
5861025
5861026
5861027
5861028
5861029
5861030
5861031
5861032
5861033
5861034
5861035
5861036
5861037
5861642
5861643
5861644
5861645
5861646
5861647
5862105
5862106
5862107
5862108
5862109
5862110
5862111
5862112
5862113
5862114
5862115
5862116
5862117
5862118
5862119
5862120
5862121
5862122
5862123
5862124
5862125
5862126
5862127
5862128
5862129
5862130
5862131
5862132
5862133
5862134
5862135
5862136
5862137
5862138
5862139
5862140
5862141
5862142
5862143
5862144
5862145
5862146
5862147
5862148
5862149
5862150
5862151
5862152
5862153
5862154
5862155
5862156
5862157
5862158
5862159
5862160
5862161
5862162
5862189
5862190
5862191
5862192
5862193
5862194
5862195
5862196
5862197
5862198
5862199
5862200
5862201
5862202
5862203
5862204
5862205
5862206
5862207
5862208
5862209
5862210
5862211
5862212
5862213
5862214
5862215
5862216
5862217
5862218
5862219
5862220
5862221
5862222
5862223
5862224
5862225
5862226
5862227
5862228
5862229
5862230
5862231
5862232
5862233
5862235
5862236
5862237
5862238
5862239
5862240
5862241
5862242
5862243
5862244
5862245
5862246
5862247
5862248
5862249
5862250
5862251
5862253
5862254
5862255
5862256
5862257
5862258
5862259
5862260
5862261
5862262
5862275
5862276
5862278
5862280
5862282
5862284
5862285
5862286
5862288
5862289
5862290
5862291
5862292
5862293
5862294
5862295
5862296
5862297
5862298
5862299
5862301
5862302
5862303
5862304
5862305
5862306
5862307
5862308
5862309
5862310
5862314
5862315
5862316
5862317
5862319
5862320
5862321
5862322
5862323
5862324
5862326
5862327
5862330
5862333
5862335
5862336
5862337
5862338
5862339
5862340
5862341
5862342
5862343
5862344
5862345
5862346
5862347
5862350
5862351
5862352
5862353
5862356
5862357
5862358
5862359
5862360
5862362
5864739
5864740
5864741
5864742
5864744
5864745
5864746
5864748
5864749
5864750
5864751
5864753
5864754
5864755
5864756
5864821
5864937
5864938
5864939
5864940
5864941
5864942
5864943
5864944
5864945
5864946
5864947
5864948
5864949
5864950
5864951
5864952
5864953
5864954
5864955
5864956
5864957
5864958
5864959
5864960
5864961
5864966
5864967
5864970
5864971
5864972
5864973
5864974
5864975
5864976
5864977
5864978
5864979
5864980
5864981
5864982
5864983
5864984
5864985
5864989
5864995
5864996
5864998
5864999
5865000
5865001
5865002
5865003
5865005
5865006
5865007
5865008
5865011
5865012
5865014
5865015
5865017
5865018
5865020
5865022
5865023
5865024
5865025
5865026
5865027
5865028
5865029
5865030
5865031
5865032
5865033
5865034
5865035
5865036
5865037
5865038
5865039
5865040
5865041
5865042
5865043
5865045
5865055
5865056
5865062
5865063
5865064
5865065
5865066
5865067
5865068
5865081
5865082
5865083
5865086
5865088
5865090
5865091
5865095
5865096
5865109
5865112
5865113
5865115
5865117
5865120
5865121
5865122
5865124
5865126
5865127
5865130
5865131
5865135
5865139
5865140
5865142
5865144
5865151
5865162
5865179
5865180
5865209
5865210
5865211
5865212
5865213
5865214
5865215
5865216
5865217
5865218
5865219
5865221
5865224
5865225
5865226
5865227
5865234
5865235
5865238
5865239
5865245
5865247
5865248
5865249
5865250
5865251
5865252
5865253
5865257
5865259
5865274
5865276
5865277
5865282
5865283
5865284
5865285
5865288
5865292
5865294
5865297
5865299
5865344
5865345
5865346
5865348
5865369
5865370
5865371
5865372
5865373
5865374
5865375
5865381
5865388
5865392
5865393
5865394
5865401
5865404
5865405
5865414
5865428
5865446
5865457
5865471
5865489
5865491
5865509
5865510
5865511
5865555
5865576
5865606
5865608
5865611
5865615
5865632
5865643
5865645
5865657
5865664
5865667
5865668
5865669
5865670
5865671
5865673
5865674
5865679
5865681
5865687
5865691
5865695
5865696
5865699
5865701
5865704
5865716
5865720
5865722
5865731
5865732
5865739
5865740
5865742
5865743
5865746
5865747
5865759
5865762
5865763
5865765
5865768
5865779
5865781
5865783
5865791
5865792
5865801
5865811
5865813
5865814
5865815
5865817
5865819
5865826
5865828
5865829
5865832
5865842
5865848
5865849
5865855
5865860
5865862
5865881
5865891
5865895
5865914
5865915
5865919
5865929
5865936
5865939
5865940
5865947
5865957
5865962
5865969
5866005
5866024
5866027
5866040
5866069
5866071
5866077
5866079
5866082
5866087
5866094
5866095
5866100
5866101
5866104
5866116
5866124
5866136
5866140
5866141
5866172
5866173
5866174
5866175
5866176
5866177
5866178
5866179
5866180
5866181
5866182
5866183
5866184
5866185
5866186
5866187
5866200
5866201
5866202
5866203
5866204
5866205
5866206
5866207
5866208
5866209
5866210
5866211
5866212
5866213
5866214
5866215
5866216
5866217
5866218
5866219
5866220
5866221
5866222
5866224
5866225
5866227
5866228
5866229
5866231
5866235
5866236
5866237
5866238
5866239
5866241
5866264
5866265
5866266
5866267
5866268
5866269
5866272
5866273
5866274
5866275
5866276
5866281
5866282
5866283
5866284
5866285
5866286
5866287
5866288
5866294
5866295
5866296
5866297
5866298
5866299
5866301
5866302
5866303
5866304
5866305
5866306
5866307
5866308
5866309
5866313
5866314
5866315
5866316
5866317
5866318
5866319
5866320
5866323
5866326
5866332
5866335
5866337
5866338
5866339
5866340
5866341
5866342
5866343
5866347
5866348
5866349
5866350
5866351
5866355
5866356
5866357
5866358
5866359
5866360
5866361
5866367
5866368
5866369
5866370
5866371
5866372
5866373
5866377
5866378
5866379
5866380
5866381
5866382
5866383
5866407
5866408
5866417
5866445
5866459
