5864794
5864793
5863175
5863171
5863170
5863168
5863166
5863165
5863163
5863162
5863161
5863160
5863159
5863158
5863157
5863155
5863154
5863153
5863152
5863151
5863150
5863149
5863148
5863147
5863146
5863145
5863144
5863142
5863140
5863139
5863136
5863135
5863134
5863133
5863132
5863131
5863130
5863129
5863128
5863126
5863125
5863124
5863123
5863122
5863121
5863118
5863116
5863114
5863113
5863112
5863111
5863109
5863108
5863105
5863102
5863101
5863100
5863099
5863097
5863096
5863094
5863093
5863092
5863091
5863090
5863089
5863083
5863082
5863080
5863079
5863078
5863077
5863076
5863075
5863074
5863073
5863072
5863071
5863070
5863069
5863068
5863067
5863066
5863065
5863064
5863063
5863062
5863061
5863060
5863059
5863058
5863057
5863056
5863055
5863054
5863053
5863052
5863051
5863050
5863049
5863048
5863047
5863046
5863045
5863044
5863043
5863042
5863041
5863040
5863039
5863038
5863037
5863036
5863035
5863034
5863033
5863032
5863031
5863030
5863029
5863028
5863027
5863026
5863025
5863024
5863023
5863020
5863014
5863011
5863009
5863007
5863006
5863005
5863004
5863003
5863002
5863001
5863000
5862997
5862996
5862995
5862994
5862993
5862992
5862991
5862990
5862989
5862988
5862987
5862984
5862983
5862982
5862981
5862980
5862979
5862978
5862977
5862976
5862975
5862974
5862973
5862972
5862971
5862970
5862969
5862968
5862967
5862966
5862964
5862963
5862961
5862960
5862958
5862957
5862956
5862955
5862954
5862952
5862950
5862949
5862947
5862946
5862945
5862942
5862940
5862939
5862938
5862936
5862935
5862934
5862933
5862932
5862931
5862930
5862929
5862924
5862923
5862922
5862921
5862918
5862914
5862913
5862912
5862911
5862910
5862909
5862908
5862905
5862904
5862903
5862902
5862899
5862897
5862896
5862895
5862893
5862891
5862890
5862888
5862887
5862885
5862882
5862881
5862879
5862878
5862875
5862874
5862873
5862872
5862871
5862870
5862869
5862868
5862866
5862865
5862864
5862863
5862862
5862861
5862860
5862859
5862857
5862856
5862854
5862852
5862851
5862850
5862849
5862847
5862846
5862844
5862843
5862842
5862840
5862839
5862836
5862835
5862833
5862832
5862831
5862830
5862829
5862828
5862827
5862826
5862825
5862824
5862823
5862822
5862820
5862819
5862816
5862815
5862814
5862813
5862811
5862810
5862809
5862808
5862804
5862803
5862800
5862799
5862798
5862797
5862795
5862794
5862793
5862792
5862791
5862790
5862789
5862788
5862783
5862782
5862781
5862780
5862779
5862778
5862776
5862775
5862774
5862773
5862772
5862771
5862770
5862769
5862768
5862767
5862766
5862765
5862764
5862763
5862762
5862761
5862760
5862759
5862758
5862757
5862756
5862755
5862754
5862752
5862751
5862750
5862749
5862748
5862747
5862746
5862744
5862743
5862742
5862741
5862740
5862739
5862738
5862737
5862736
5862735
5862734
5862733
5862732
5862731
5862730
5862729
5862728
5862727
5862726
5862725
5862724
5862723
5862721
5862720
5862718
5862715
5862713
5862712
5862711
5862710
5862709
5862708
5862707
5862706
5862705
5862704
5862703
5862702
5862701
5862700
5862699
5862698
5862697
5862696
5862695
5862694
5862692
5862691
5862690
5862689
5862688
5862687
5862686
5862685
5862684
5862683
5862681
5862680
5862679
5862678
5862677
5862675
5862674
5862673
5862672
5862671
5862670
5862669
5862667
5862666
5862665
5862664
5862663
5862662
5862661
5862660
5862658
5862657
5862656
5862655
5862653
5862652
5862651
5862650
5862649
5862648
5862644
5862642
5862640
5862639
5862638
5862637
5862635
5862633
5862632
5862631
5862630
5862629
5862628
5862613
5862612
5862611
5862610
5862609
5862607
5862606
5862605
5862604
5862603
5862600
5862599
5864795
5864799
5864798
5864796
5864800
5863174
5863172
5863169
5863167
5863156
5863141
5863138
5863127
5863120
5863119
5863117
5863115
5863106
5863103
5863098
5863095
5863087
5863086
5863022
5863021
5863019
5863010
5862986
5862959
5862953
5862941
5862925
5862919
5862907
5862900
5862898
5862894
5862892
5862889
5862886
5862884
5862880
5862876
5862867
5862858
5862853
5862848
5862845
5862838
5862837
5862834
5862821
5862818
5862817
5862812
5862785
5862784
5862753
5862722
5862719
5862717
5862716
5862676
5862659
5862645
5862643
5862636
5862634
5862627
5862626
5862625
5862624
5862623
5862622
5862621
5862620
5862619
5862618
5862617
5862616
5862615
5862614
5862602
5862601
5862598
5864801