5862654
5862656
5862657
5862659
5862661
5862662
5862666
5862668
5862670
5862672
5862673
5862674
5862675
5862676
5862677
5862678
5862679
5862680
5862681
5862682
5862683
5862684
5862685
5862686
5862687
5862688
5862689
5862690
5862692
5862693
5862694
5862695
5862704
5862707
5862708
5862711
5862712
5862713
5862714
5862715
5862717
5862718
5862719
5862720
5862721
5862723
5862724
5862725
5862726
5862729
5862730
5862732
5862733
5862735
5862737
5862738
5862739
5862740
5862741
5862742
5862743
5862744
5862745
5862746
5862749
5862750
5862751
5862752
5862753
5862754
5862775
5862776
5862777
5862779
5862781
5862782
5862784
5862785
5862786
5862787
5862788
5862789
5862795
5862796
5862797
5862798
5862799
5862800
5862801
5862802
5862804
5862805
5862807
5862808
5862812
5862813
5862815
5862816
5862817
5862818
5862819
5862820
5862821
5862822
5862823
5862824
5862825
5862826
5862834
5862835
5862836
5862837
5862838
5862839
5862840
5862841
5862842
5862843
5862844
5862845
5862847
5862849
5862850
5862851
5862854
5862855
5862856
5862857
5862858
5862859
5862860
5862861
5862863
5862865
5862866
5862867
5862868
5862871
5862872
5862873
5862875
5862876
5862877
5862878
5862879
5862880
5862882
5862884
5862885
5862886
5862888
5862889
5862890
5862892
5862893
5862894
5862895
5862896
5862899
5862900
5862906
5862908
5862909
5862910
5862911
5862912
5862914
5862915
5862916
5862917
5862918
5862919
5862920
5862921
5862922
5862923
5862924
5862925
5862926
5862927
5862929
5862930
5862931
5862932
5862933
5862934
5862935
5862936
5862937
5862938
5862939
5862940
5862941
5862942
5862943
5862944
5862945
5862946
5862947
5862948
5862949
5862951
5862952
5862953
5862955
5862956
5862957
5862958
5862959
5862962
5862963
5862964
5862965
5862966
5862967
5862968
5862969
5862970
5862985
5862986
5862988
5862997
5862998
5862999
5863000
5863001
5863002
5863003
5863004
5863005
5863006
5863007
5863008
5863009
5863010
5863012
5863013
5863014
5863015
5863016
5863017
5863018
5863019
5863021
5863022
5863023
5863024
5863025
5863026
5863028
5863029
5863066
5863067
5863068
5863069
5863070
5863073
5863074
5863075
5863076
5863077
5863078
5863079
5863080
5863082
5863083
5863084
5863085
5863086
5863087
5863089
5863090
5863091
5863092
5863093
5863094
5863095
5863096
5863097
5863098
5863099
5863100
5863101
5863102
5863103
5863104
5863105
5863106
5863108
5863110
5863112
5863113
5863114
5863115
5863116
5863117
5863118
5863119
5863120
5863121
5863122
5863127
5863130
5863131
5863132
5863133
5863134
5863135
5863136
5863137
5863138
5863139
5863140
5863141
5863142
5863143
5863144
5863146
5863147
5863148
5863149
5863150
5863151
5863152
5863154
5863155
5863156
5863160
5863161
5863162
5863163
5863164
5863165
5863166
5863167
5863168
5863169
5863170
5863171
5863172
5863173
5863175
5864793
5864794
5864795
5864796
5864797
5864799
5864800
5864801
5864957
5864958
5864983
5865071
5865072
5865073
5865074
5865075
5865076
5865077
5865078
5865079
5865080
5865254
5865449
5865723
5865725
5865727
5865729
5865730
5865733
5865734
5865750
5865751
5865778
5865832
5865835
5865854
5865857
5865861
5865865
5865869
5865870
5865871
5865873
5865874
5865875
5865876
5865877
5865878
5865879
5865882
5865887
5865893
5865897
5865899
5865903
5865917
5865925
5865927
5865930
5865933
5865948
5865949
5865954
5865966
5865971
5865973
5865974
5865976
5865981
5865982
5865983
5865984
5865985
5865986
5865987
5865988
5865991
5865992
5865994
5865997
5865998
5865999
5866000
5866001
5866003
5866004
5866006
5866007
5866010
5866012
5866014
5866015
5866021
5866026
5866031
5866032
5866033
5866035
5866036
5866038
5866039
5866040
5866043
5866045
5866047
5866049
5866050
5866055
5866060
5866061
5866063
5866072
5866084
5866085
5866086
5866087
5866088
5866089
5866091
5866092
5866094
5866095
5866096
5866102
5866103
5866111
5866115
5866117
5866121
5866131
5866135
5866154
5866155
5866156
5866157
5866158
5866159
5866166
5866167
5866168
5866169
5866170
5866171
5866188
5866189
5866190
5866192
5866193
5866194
5866195
5866196
5866197
5866198
5866200
5866223
5866226
5866230
5866232
5866233
5866234
5866240
5866242
5866243
5866244
5866245
5866246
5866247
5866248
5866249
5866250
5866251
5866252
5866253
5866254
5866255
5866256
5866257
5866258
5866259
5866260
5866261
5866262
5866263
5866277
5866288
5866290
5866291
5866292
5866293
5866300
5866310
5866311
5866312
5866321
5866322
5866324
5866325
5866327
5866328
5866329
5866330
5866331
5866333
5866334
5866336
5866344
5866345
5866346
5866347
5866352
5866353
5866354
5866362
5866363
5866364
5866365
5866366
5866374
5866375
5866376
5866384
5866385
5866387
5866388
5866389
5866390
5866391
5866392
5866393
5866394
5866395
5866396
5866397
5866398
5866399
5866400
5866401
5866407
5866409
5866410
5866411
5866412
5866413
5866414
5866415
5866416
5866417
5866442
5866467
5866468
5866469
5866470
5866471
5866625
5866646
5866647
5866648
5866649
5866650
5866651
5866652
5867064
5868389
5868390
5868391
5868783
5869450
5869451
5869454
5869857
5869858
5869859
5869860
5869862
5869865
5869867
5869868
5869869
5869870
5869872
5869874
5869877
5869879
5869880
5869881
5869882
5869883
5869891
5869892
5869893
5869894
5869895
5869896
5869897
5869898
5869899
5869907
5869915
5869928
5869931
5869939
5869947
5869955
5869963
5869971
5869979
5869987
5869995
5870003
5870011
5870020
5870023
5870032
5870033
5870034
5870035
5870036
5870037
5870038
5870039
5870040
5870047
5870053
5870054
5870057
5870058
5870066
5870074
5870075
5870086
5870092
5870099
5870107
5870115
5870123
5870124
5870126
5870127
5870129
5870130
5870131
5870139
5870146
5870161
5870162
5870170
5870178
5870181
5870182
5870196
5870197
5870198
5870206
5870209
5870217
5870220
5870228
5870229
5870230
5870231
5870232
5870240
5870248
5870259
5870264
5870272
5870280
5870285
5870288
5870299
5870304
5870329
5870333
5870342
5870357
5870358
5870366
5870374
5870382
5870394
5870398
5870406
5870414
5870422
5870423
5870424
5870425
5870427
5870428
5870431
5870432
5870433
5870434
5870451
5870452
5870453
5870454
5870455
5870456
5870457
5870458
5870459
5871712
5871713
5871717
5871721
5871725
5871729
5871733
5871805
5871813
5871814
5871823
5871832
5871840
Game2