5867146
5867147
5867148
5867720
5867721
5867722
5867723
5867724
5867725
5867726
5867727
5867728
5867729
5866525
5866526
5866527
5866528
5866529
5866530
5866532
5866533
5866534
5866535
5866536
5866537
5866538
5866539
5866540
5866541
5866542
5866543
5866544
5866545
5866546
5866547
5866548
5866549
5866550
5866551
5866552
5866553
5866554
5866555
5866556
5866557
5866558
5866559
5866560
5866561
5866562
5866563
5866564
5866565
5866566
5866567
5866568
5866569
5866570
5866571
5866572
5866573
5866574
5866575
5866576
5866577
5866578
5866579
5866580
5866581
5866582
5866583
5866584
5866585
5866586
5866587
5866588
5866589
5866590
5866591
5866592
5866593
5866594
5866595
5866596
5866597
5866598
5866599
5866600
5866601
5866602
5866603
5866604
5866605
5866606
5866607
5866608
5866609
5866610
5866611
5866612
5866613
5866614
5866615
5866616
5866617
5866618
5866619
5866620
5866621
5866622
5866623
5866624
5866656
5866657
5866658
5866659
5866660
5866661
5866669
5866670
5866671
5866866
5866867
5862752
5862822
5874043
5874051
5875061
5875062
5875063
5876081
5876083
5876084
5876085
5876086
5876088
5876089
5876090
5876091
5876092
5876093
5876094
5876095
5876096
5876097
5876098
5876099
5876100
5876101
5876102
5876103
5876105
5876106
5876113
5876114
5876115
5876117
5876118
already_subscribed_code
already_unsubscribed_code
gbyeSrcNotification_code
goodbyeSource_code
goodbye_code
help_code
intro_code
5870954
5871070
5871071
5871073
5871074
5871258
5871260
5871272
5871273
5873114
5873116
5873118
5873119
5873120
5873121
5873122
5873123
5873124
5873127
5873172
5873175
renewalWarning_code
renewal_code
welcomeBack_code
welcomeSource_code
welcome_code
5871671
5871809
5872126
5869959
5869963
5869966
5870027
5870039
5870040
5870086
5860837
5860838
5860839
5860840
5860841
5860842
5860843
5860844
5860845
5860846
5860847
5860848
5860849
5860850
5860851
5860852
5860853
5860854
5860855
5860856
5860857
5860858
5860859
5860860
5860861
5860862
5860863
5860864
5860865
5860866
5860867
5860868
5860869
5860870
5860871
5860872
5860873
5860874
5860875
5860876
5860877
5860878
5860879
5860880
5860881
5860882
5860883
5860884
5860885
5860886
5860887
5860888
5860889
5860890
5860891
5860892
5860893
5860894
5860895
5860896
5860897
5860898
5860899
5860900
5860901
5860902
5860903
5860904
5860905
5860906
5860907
5860908
5860909
5860910
5860911
5860912
5860913
5860914
5860915
5860916
5860917
5860918
5860919
5860920
5860921
5860922
5860923
5860924
5860925
5860926
5860927
5860928
5860929
5860930
5860931
5860932
5860933
5860935
5860936
5860937
5860938
5860939
5860940
5860941
5860942
5860943
5860944
5860945
5860946
5860947
5860948
5860949
5860950
5860951
5860952
5860953
5860954
5860955
5860967
5860968
5860970
5860971
5860972
5860973
5860984
5860985
5860986
5860987
5860988
5860989
5860990
5860991
5860992
5860993
5860994
5860995
5860996
5860997
5860998
5860999
5861000
5861001
5861002
5861003
5861004
5861005
5861006
5861007
5861008
5861009
5861010
5861011
5861012
5861013
5861014
5861015
5861016
5861017
5861018
5861019
5861020
5861021
5861022
5861023
5861024
5861025
5861026
5861027
5861028
5861029
5861030
5861031
5861032
5861033
5861034
5861035
5861036
5861037
5861038
5868967
5868983
5868986
5869575
5867730
5867731
5867732
5867733
5867734
5867735
5867736
5867737
5867738
5867739
5867740
5867741
5867742
5867743
5867744
5867745
5867746
5867747
5867748
5867749
5867751
5867752
5867753
5867754
5867755
5867756
5867757
5867758
5867759
5867760
5867761
5867762
5867763
5867764
5867765
5867794
5867795
5867796
5867797
5867798
5867799
5867801
5867804
5867806
5867807
5867808
5867809
5867810
5867811
5867812
5867813
5867814
5867815
5867859
5867860
5867861
5867862
5867863
5867865
5867866
5867867
5867868
5867869
5867870
5867872
5867874
5867875
5867876
5867877
5867878
5867879
5867880
5867881
5867882
5867883
5867884
5867885
5867886
5867887
5867888
5867889
5867890
5867891
5867892
5867893
5867894
5867898
5867899
5867909
5867929
5867940
5867942
5867943
5867944
5867947
5867948
5867951
5867952
5867958
5867960
5867962
5867965
5867967
5867971
5867973
5867974
5867975
5867977
5867978
5867983
5867989
5868040
5868041
5868042
5868046
5868048
5868049
5868050
5868051
5868052
5868053
5868054
5868055
5868058
5868060
5868118
5868119
5868121
5868122
5868123
5868124
5868126
5868127
5868129
5868140
5868146
5868147
5868148
5868150
5868237
5868238
5868239
5868240
5868241
5868242
5868243
5868244
5868246
5868247
5868248
5868249
5868250
5868251
5868252
5868253
5868256
5868258
5868259
5868260
5868262
5868263
5868264
5868266
5868267
5868271
5868272
5868274
5868275
5868276
5868277
5868278
5868279
5868280
5868282
5868283
5868354
5868355
5868358
5868360
5868361
5868363
5868376
5868379
5868380
5868381
5868383
5868399
5868400
5868404
5868405
5868409
5868410
5868412
5868503
5868504
5868505
5862105
5862106
5862107
5862108
5862109
5862110
5862111
5862112
5862113
5862114
5862115
5862116
5862117
5862118
5862119
5862120
5862121
5862122
5862123
5862124
5862125
5862126
5862127
5862128
5862129
5862130
5862131
5862132
5862133
5862134
5862135
5862136
5862137
5862138
5862139
5862140
5862141
5862142
5862143
5862145
5862146
5862147
5862148
5862149
5862150
5862151
5862152
5862153
5862154
5862155
5862156
5862157
5862158
5862159
5862160
5862161
5862162
5862189
5862190
5862191
5862192
5862193
5862194
5862195
5862196
5862197
5862198
5862199
5862200
5862201
5862202
5862203
5862204
5862205
5862206
5862207
5862208
5862209
5862210
5862211
5862212
5862213
5862214
5862215
5862216
5862217
5862218
5862219
5862220
5862221
5862222
5862223
5862224
5862225
5862226
5862227
5862228
5862229
5862230
5862231
5862232
5862233
5862234
5862235
5862236
5862237
5862238
5862239
5864739
5864740
5864741
5864742
5864744
5864745
5864746
5864747
5864748
5864749
5864750
5864751
5864752
5864753
5864754
5864755
5864756
5864794
5864795
5862240
5862241
5862242
5862243
5862244
5862245
5862246
5862247
5862248
5862249
5862250
5862251
5862252
5862253
5862254
5862255
5862256
5862257
5862258
5862260
5862261
5862262
5862274
5862275
5862276
5862277
5862278
5862279
5862281
5862282
5862283
5862284
5862285
5862286
5862287
5862288
5862289
5862290
5862291
5862292
5862293
5862294
5862295
5862296
5862297
5862298
5862299
5862300
5862301
5862302
5862303
5862304
5862305
5862306
5862307
5862308
5862309
5862310
5862311
5862312
5862313
5862314
5862315
5862316
5862317
5862318
5862319
5862320
5862321
5862322
5862323
5862324
5862325
5862326
5862327
5862328
5862329
5862330
5862331
5862332
5862333
5862334
5862335
5862336
5862337
5862338
5862339
5862340
5862341
5862342
5862343
5862344
5862345
5862346
5862347
5862348
5862349
5862350
5862351
5862352
5862353
5862354
5862355
5862356
5862357
5862358
5862359
5862360
5862361
5862362
5862363
5873800
5873801
5873807
5873931
5873932
5873933
5873934
5873484
5873488
5873489
5873502
5873503
5873504
5873566
5861642
5861643
5861644
5861645
5861646
5861647
5873192
5873246
